99 22
57 38
12 45
-7 1
69 69
87 93
-13 7
0 7
56 69
76 51
37 58
98 21
-12 35
28 1
63 97
-11 34
65 74
48 86
78 66
58 25
4 53
7 30
3 43
7 53
-10 24
85 28
68 3
94 36
88 78
-3 37
45 3
-11 26
-13 76
47 32
84 37
85 36
91 10
76 75
33 17
69 59
88 37
36 65
11 22
-10 50
-17 39
72 42
38 26
25 5
62 0
7 17
-4 4
15 22
92 97
55 13
62 95
62 29
76 78
24 36
10 3
-20 70
-5 0
37 8
18 1
3 20
4 74
75 36
-6 70
-10 1
14 44
86 36
2 19
93 100
-18 99
73 69
-13 11
5 43
17 25
79 77
50 25
79 22
18 89
56 47
80 17
-7 86
25 83
25 26
38 70
6 81
-7 16
28 30
88 46
24 61
81 41
90 90
100 80
84 18
63 92
57 15
-9 43
76 27
34 55
78 21
24 82
-13 9
23 16
-13 77
85 10
16 12
87 8
0 51
-3 84
-6 73
-17 27
85 19
61 5
10 66
7 48
47 19
89 80
1 51
4 72
90 19
96 52
5 12
12 26
44 6
68 89
36 20
9 52
68 98
11 66
-15 34
-19 16
-7 88
64 60
51 26
81 7
58 13
96 28
58 45
5 48
15 2
0 33
68 97
99 6
48 25
-16 21
44 83
13 4
96 81
26 52
26 46
44 100
54 74
-13 8
43 79
74 59
39 40
39 97
4 98
-4 80
28 24
66 4
82 56
94 29
24 48
11 22
46 79
85 16
-8 3
87 96
15 57
77 14
-12 70
84 87
13 34
19 16
44 37
9 60
7 23
60 47
40 5
90 44
71 24
-11 76
53 56
40 51
-6 50
78 12
-12 8
-3 26
29 0
-9 28
68 76
66 77
24 69
-9 8
97 74
48 18
56 45
9 14
52 49
99 62
77 65
74 35
69 57
95 71
43 91
70 57
75 75
100 31
37 11
4 37
58 55
26 58
41 77
21 13
61 79
80 63
42 97
58 83
2 90
34 61
61 24
81 77
76 11
93 16
67 72
100 33
24 27
53 33
82 80
49 84
36 64
75 12
66 34
88 62
34 29
37 86
-6 20
10 1
41 100
9 69
22 50
63 35
80 66
90 70
20 2
90 50
86 27
58 92
-5 51
85 75
12 78
74 45
96 47
1 73
15 40
87 53
49 67
9 77
-20 29
1 73
49 34
85 11
-9 44
-18 9
61 99
84 2
66 74
48 42
76 49
63 0
29 91
40 27
47 67
-19 66
78 8
71 79
26 67
87 23
58 72
12 75
56 64
-13 43
94 36
20 28
94 74
-4 2
44 59
42 73
87 29
99 100
79 5
96 6
34 27
-8 90
4 13
94 50
67 92
60 67
3 79
41 33
65 46
23 84
40 41
13 91
-2 12
20 14
46 58
24 75
63 79
97 69
27 36
78 24
18 73
-15 19
30 62
82 5
53 75
46 78
97 55
21 39
14 57
22 4
77 59
46 52
77 39
88 95
16 33
1 87
12 35
68 56
-11 89
26 21
59 6
80 44
36 95
91 39
26 27
3 83
98 11
6 87
92 82
75 43
8 96
83 53
61 70
90 75
-6 14
43 77
88 66
-5 2
56 54
92 64
-9 77
60 38
28 57
41 13
50 47
88 87
20 85
84 63
74 65
5 63
96 10
2 39
36 38
62 73
86 60
76 91
82 13
30 86
48 82
75 97
42 49
-3 53
8 30
93 4
86 56
2 83
13 72
28 75
75 43
63 61
49 80
93 37
17 3
-12 17
10 37
91 42
33 41
86 60
4 64
25 92
31 27
14 44
59 19
55 71
45 15
11 66
30 47
29 51
65 50
29 75
21 86
52 57
99 27
2 14
57 10
77 95
12 81
70 98
-17 63
9 25
30 20
65 20
31 39
98 80
94 42
85 91
38 23
23 53
87 80
46 100
54 83
76 21
29 48
22 35
20 20
-3 2
4 7
76 65
-15 43
77 34
57 86
27 23
-4 62
1 4
49 59
89 93
44 79
16 65
59 19
82 14
-9 100
38 99
33 27
92 88
14 60
-3 7
84 13
15 53
4 44
44 75
11 38
28 23
-19 0
89 38
60 22
47 77
92 85
15 55
-2 6
22 94
-16 18
12 24
34 39
10 98
40 72
68 42
35 25
72 74
31 95
-16 38
47 27
33 63
7 25
31 82
39 45
76 31
3 83
97 99
-5 82
18 92
36 41
50 35
33 11
3 86
40 38
39 88
86 32
66 46
16 2
90 61
7 30
69 42
36 60
62 54
28 91
